              precision    recall  f1-score   support

           0       0.99      1.00      0.99      2472
           1       0.99      1.00      1.00      2849
           2       0.98      1.00      0.99      2450
           3       0.99      0.99      0.99      2592
           4       1.00      0.99      0.99      2445
           5       1.00      0.99      0.99      2235
           6       1.00      0.99      1.00      2462
           7       0.99      0.98      0.99      2597
           8       0.99      0.98      0.99      2388
           9       0.98      0.99      0.98      2510

    accuracy                           0.99     25000
   macro avg       0.99      0.99      0.99     25000
weighted avg       0.99      0.99      0.99     25000
